66.0 0.59 4.0        
67.8 0.57 5.3 
66.9 0.59 4.2  
67.5 0.63 2.3
67.9 0.61 2.5
67.7 0.61 2.3 
72.6 0.65 1.6 
72.7 0.65 1.6 
64.3 0.55 3.5 
66.4 0.55 4.8
65.0 0.51 3.7 
67.6 0.47 2.4  
67.1 0.55 2.3
72.2 0.58 1.6 
72.3 0.56 1.6
67.5 0.56 4.8 
68.1 0.55 2.5 
68.1 0.55 2.4 
72.9 0.54 1.7 
73.0 0.53 1.7
67.0 0.47 4.4 
67.8 0.45 5.5
68.1 0.47 4.7 
67.7 0.48 2.4 
67.9 0.47 2.4
72.8 0.48 1.6 
0.07 69 19.6
0.09 69 12
0.12 68.6 26.2
0.17 83  8
0.179 75  4
0.199 75  5
0.2 72.9  29.6
0.27 77  14
0.28 88.8  36.6
0.352 83  14
0.38 81.9  1.9
0.3802 83  13.5
0.4 95  17
0.4004 77  10.2
0.4247 87.1  11.2
0.4497 92.8  12.9
0.47 89  50
0.4783 80.9  9
0.48 97  62
0.51 90.8  1.9
0.593 104 13
0.61 97.8  2.1
0.68 92  8
0.781 105 12
0.875 125 17
0.88 90  40
0.9 117 23
1.037 154 20
1.3 168 17
1.363 160 33.6
1.43 177 18
1.53 140 14
1.75 202 40
1.965 186.5 0.4
2.34 223 7
2.36 227 8
0 73 8
0.1 69 12
0.17 83 8
0.27 77 14
0.4 95 17
0.48 97 60
0.88 90 40
0.9 117 23
1.3 168 17
1.43 177 18
1.53 140 14
1.75 202 4
